multiplayer=False
required_score=8
time=65
size_y=30
size_x=45
map_file_version=2
mapstart:
5,5,5,5,5,5,5,5,5,5,5,5,5,5,5,5,5,5,5,5,5,5,5,5,5,5,5,5,5,5,5,5,5,5,5,5,5,5,5,5,5,5,5,5,5
5,10,10,10,10,10,10,10,10,3,3,3,3,3,3,3,3,3,3,3,3,10,10,3,3,3,3,10,3,3,3,3,3,3,3,3,3,4,3,10,10,10,10,7,5
5,3,3,3,3,3,3,3,3,3,3,3,3,3,10,10,10,10,3,10,3,3,10,3,3,3,3,10,3,3,10,3,3,3,3,10,3,4,3,10,10,10,10,10,5
5,3,3,3,10,10,10,10,3,3,3,3,3,10,10,3,3,10,3,10,10,10,10,3,3,3,10,3,3,3,3,3,10,10,3,3,3,4,3,10,10,10,10,10,5
5,3,3,3,18,10,3,10,3,3,10,10,10,10,3,3,18,10,3,3,3,3,3,3,3,10,3,10,3,3,3,3,3,3,3,3,3,4,3,10,10,10,10,10,5
5,3,3,3,3,10,3,10,3,3,3,3,3,10,10,10,10,10,10,10,10,10,10,3,3,10,10,3,3,3,3,3,10,3,3,10,3,4,4,4,4,4,3,4,5
5,10,10,10,10,10,10,10,10,3,3,3,3,3,3,3,3,3,3,10,3,3,10,10,3,3,3,10,10,10,3,10,3,3,10,3,3,4,10,3,10,3,3,10,5
5,4,4,4,4,4,4,4,4,4,3,3,3,3,10,10,10,10,10,10,3,3,10,3,10,3,10,3,3,3,10,3,10,3,3,3,3,4,10,10,3,3,3,3,5
5,3,3,3,3,3,3,3,3,3,3,3,3,4,4,4,4,4,4,4,4,4,4,4,10,3,10,3,3,3,10,3,3,10,3,10,3,4,10,3,3,10,10,3,5
5,3,3,3,3,3,10,10,10,3,10,10,10,10,10,3,10,3,3,3,3,3,4,3,10,3,3,3,3,3,3,3,3,3,3,3,10,4,3,10,3,3,10,3,5
5,3,3,3,3,3,3,18,10,3,3,3,3,3,3,3,10,3,3,3,3,3,4,3,3,3,3,10,3,3,3,3,3,3,3,3,3,4,3,3,10,3,10,3,5
5,3,10,10,10,10,10,10,10,10,10,10,3,10,10,10,10,10,10,10,10,10,4,10,3,3,3,10,3,10,3,3,3,3,10,3,3,3,3,10,3,3,3,3,5
5,3,3,3,3,3,3,3,3,3,3,3,3,3,3,3,10,3,3,3,3,3,4,3,10,3,3,3,3,3,10,3,10,3,3,3,3,4,4,4,4,4,4,4,5
5,3,10,10,10,10,10,10,10,10,10,10,3,3,3,3,10,3,10,10,3,3,4,3,3,10,10,3,3,3,3,3,3,10,3,3,3,10,3,3,3,3,3,10,5
5,3,3,3,3,3,3,3,3,3,3,3,3,3,3,3,10,3,10,10,3,3,4,10,3,3,3,3,10,3,3,3,3,10,3,3,3,3,3,3,3,3,3,3,5
5,10,10,3,10,3,3,10,3,10,3,3,3,3,10,10,10,10,10,10,10,10,4,10,10,10,10,10,10,3,3,3,10,3,10,3,10,3,3,10,3,3,3,3,5
5,10,10,10,10,10,10,10,10,10,10,10,3,3,3,18,3,3,3,3,3,3,4,3,3,10,3,3,3,3,10,10,3,10,10,3,3,3,3,3,3,3,3,3,5
5,10,10,10,10,10,10,10,3,3,3,3,3,3,10,10,10,10,10,10,10,10,4,3,3,3,10,10,3,3,3,3,10,3,3,3,3,10,3,3,10,3,10,3,5
5,3,10,10,10,10,3,3,3,3,3,3,3,3,10,10,10,10,10,10,10,10,4,3,10,3,3,10,3,10,3,10,3,3,3,3,10,3,3,3,10,3,3,3,5
5,3,10,10,10,10,3,3,10,3,3,10,10,10,10,10,10,10,10,10,10,10,4,3,3,3,10,10,3,10,10,3,3,10,10,3,3,3,10,10,3,3,10,3,5
5,3,10,10,10,10,3,3,10,3,3,3,3,10,3,3,3,3,3,3,3,3,4,3,10,3,3,3,3,10,3,3,3,10,3,3,3,3,3,3,3,3,3,3,5
5,3,18,3,3,10,3,3,3,3,10,3,3,10,3,3,3,3,3,3,3,3,4,3,3,3,3,3,3,3,3,3,3,10,10,3,10,10,10,10,10,10,10,10,5
5,3,10,3,3,3,3,10,10,3,3,10,3,10,3,3,10,10,10,10,3,3,4,3,3,10,3,10,3,10,3,3,3,10,3,10,3,10,3,10,3,3,3,3,5
5,3,10,3,10,10,3,10,10,10,10,3,3,10,3,3,10,3,3,3,3,3,4,3,3,3,10,3,10,3,3,10,3,3,3,10,3,10,3,10,3,3,3,3,5
5,3,10,18,10,10,3,10,10,10,10,10,3,10,3,3,10,10,10,10,3,3,4,3,3,3,10,3,10,3,3,10,3,10,10,3,3,3,3,10,3,10,3,3,5
5,3,10,3,3,10,3,10,3,10,10,10,3,3,3,3,10,18,3,3,3,3,4,10,10,3,10,3,3,10,10,10,3,10,3,3,10,3,3,3,10,18,3,3,5
5,3,10,3,3,10,3,10,3,3,10,10,3,3,10,10,10,10,10,10,3,3,4,3,3,3,10,10,10,10,10,10,3,3,3,3,3,10,3,3,3,10,3,3,5
5,3,10,10,10,10,10,10,10,3,10,10,10,10,10,3,3,3,3,3,3,3,4,3,3,3,10,3,10,3,3,3,3,10,10,3,10,3,3,3,3,3,3,3,5
5,1,3,3,3,3,3,3,3,3,3,3,3,3,10,3,3,3,3,3,3,3,4,18,3,3,10,3,3,3,10,3,3,3,3,3,10,3,10,3,3,10,3,3,5
5,5,5,5,5,5,5,5,5,5,5,5,5,5,5,5,5,5,5,5,5,5,5,5,5,5,5,5,5,5,5,5,5,5,5,5,5,5,5,5,5,5,5,5,5